B_PARAMS

 Triangles 153624
 Tetrahedra 0

 ResMat 63
  +3V3:+1V1_TCC0603X5R226M6R3CT_C28_DCFlowVRM_pos    2.000412749522e+02    1.000319581312e+02    1.000315280812e+02    1.000156906155e+02    1.000314602021e+02    1.000314602023e+02    1.000315872024e+02    6.309886711441e-03    1.000319148334e+02    2.115231946058e-02    1.000312452678e+02    1.000316167602e+02    1.000314602023e+02    1.000314602023e+02    1.000319148428e+02    1.000313891282e+02    1.000315099777e+02    6.235895243012e-03    1.000319203774e+02    6.235895243012e-03    1.000156906152e+02    2.000394320137e+02    2.000394320137e+02    8.721725993666e-03    8.721743753224e-03    8.721725993609e-03    8.721725993667e-03    8.721743753224e-03    8.721725993609e-03    8.721725993426e-03    8.721725496490e-03    2.000394320136e+02    8.721725496490e-03    8.721725993613e-03    1.000156906152e+02    2.000394320136e+02    2.000394320136e+02    6.987397408541e-03    1.000317771783e+02    1.279171480418e-02    1.252074578393e-02    1.000319154319e+02    1.673433158826e-02    1.252074578393e-02    1.235328714357e-02    1.232837106362e-02    1.252074582080e-02    1.000316117392e+02    1.000319991736e+02    8.923219923492e-05    1.000319091405e+02    0.000000000000e+00    0.000000000000e+00    0.000000000000e+00    0.000000000000e+00    0.000000000000e+00    0.000000000000e+00    0.000000000000e+00    0.000000000000e+00    0.000000000000e+00    0.000000000000e+00    0.000000000000e+00    0.000000000000e+00
  +3V3:+1V1_TCC0603X5R226M6R3CT_C28_DCFlowVRM_neg    1.000319581312e+02    1.000419311106e+02    1.000315430741e+02    1.000157010557e+02    1.000314802985e+02    1.000314802986e+02    1.000316324834e+02    6.309886607980e-03    1.000321600847e+02    2.115231911375e-02    1.000312480992e+02    1.000316192459e+02    1.000314802986e+02    1.000314802986e+02    1.000321802322e+02    1.000313971712e+02    1.000315387022e+02    6.235895140763e-03    1.000321814923e+02    6.235895140763e-03    1.000157010555e+02    1.000319581315e+02    1.000319581315e+02    8.721725850658e-03    8.721743610215e-03    8.721725850601e-03    8.721725850659e-03    8.721743610215e-03    8.721725850601e-03    8.721725850418e-03    8.721725353482e-03    1.000319581315e+02    8.721725353482e-03    8.721725850605e-03    1.000157010555e+02    1.000319581315e+02    1.000319581315e+02    6.987397293970e-03    1.000317774636e+02    1.279171459444e-02    1.252074557863e-02    1.000322011542e+02    1.673433131387e-02    1.252074557863e-02    1.235328694102e-02    1.232837086147e-02    1.252074561550e-02    1.000316114831e+02    1.000319866659e+02    8.923219777180e-05    1.000320870544e+02    0.000000000000e+00    0.000000000000e+00    0.000000000000e+00    0.000000000000e+00    0.000000000000e+00    0.000000000000e+00    0.000000000000e+00    0.000000000000e+00    0.000000000000e+00    0.000000000000e+00    0.000000000000e+00    0.000000000000e+00
  +3V3:+1V8_AMS1117-1.8_C6185_U8_DCFlowVRM_neg    1.000315280812e+02    1.000315430741e+02    1.000337767136e+02    1.000156972395e+02    1.000315223866e+02    1.000315223867e+02    1.000316289534e+02    6.309886607984e-03    1.000315291091e+02    2.115231911376e-02    1.000313095590e+02    1.000314035682e+02    1.000315223867e+02    1.000315223867e+02    1.000315367479e+02    1.000313923886e+02    1.000315837264e+02    6.235895140767e-03    1.000315307062e+02    6.235895140767e-03    1.000156972392e+02    1.000315280815e+02    1.000315280815e+02    8.721725850664e-03    8.721743610221e-03    8.721725850607e-03    8.721725850664e-03    8.721743610221e-03    8.721725850607e-03    8.721725850424e-03    8.721725353488e-03    1.000315280815e+02    8.721725353488e-03    8.721725850611e-03    1.000156972392e+02    1.000315280815e+02    1.000315280815e+02    6.987397293975e-03    1.000314508209e+02    1.279171459445e-02    1.252074557864e-02    1.000315428000e+02    1.673433131388e-02    1.252074557864e-02    1.235328694103e-02    1.232837086148e-02    1.252074561551e-02    1.000313993844e+02    1.000315589030e+02    8.923219777186e-05    1.000315112402e+02    0.000000000000e+00    0.000000000000e+00    0.000000000000e+00    0.000000000000e+00    0.000000000000e+00    0.000000000000e+00    0.000000000000e+00    0.000000000000e+00    0.000000000000e+00    0.000000000000e+00    0.000000000000e+00    0.000000000000e+00
  +3V3:+2V5_TCC0603X5R226M6R3CT_C68_DCFlowVRM_pos    1.000156906155e+02    1.000157010557e+02    1.000156972395e+02    7.129028804531e+06    1.000160119769e+02    1.000160119771e+02    1.000158108519e+02    6.308894371735e-03    1.000157024041e+02    2.114899288952e-02    1.000155197448e+02    1.000157607870e+02    1.000160119771e+02    1.000160119771e+02    1.000157033436e+02    1.000160493182e+02    1.000158956918e+02    6.234914539754e-03    1.000157022208e+02    6.234914539754e-03    7.129028803358e+06    1.000156906158e+02    1.000156906158e+02    8.720354350179e-03    8.720372106943e-03    8.720354350122e-03    8.720354350180e-03    8.720372106943e-03    8.720354350122e-03    8.720354349939e-03    8.720353853081e-03    1.000156906158e+02    8.720353853081e-03    8.720354350126e-03    7.129028803356e+06    1.000156906157e+02    1.000156906157e+02    6.986298518464e-03    1.000156978304e+02    1.278970308399e-02    1.251877667834e-02    1.000157040239e+02    1.673169982283e-02    1.251877667834e-02    1.235134437377e-02    1.232643221231e-02    1.251877671521e-02    1.000157408525e+02    1.000156948245e+02    8.921816591571e-05    1.000157005774e+02    0.000000000000e+00    0.000000000000e+00    0.000000000000e+00    0.000000000000e+00    0.000000000000e+00    0.000000000000e+00    0.000000000000e+00    0.000000000000e+00    0.000000000000e+00    0.000000000000e+00    0.000000000000e+00    0.000000000000e+00
  +3V3:+2V5_TCC0603X5R226M6R3CT_C68_DCFlowVRM_neg    1.000314602021e+02    1.000314802985e+02    1.000315223866e+02    1.000160119769e+02    1.000412566533e+02    1.000327523942e+02    1.000317402423e+02    6.309886607984e-03    1.000314741323e+02    2.115231911376e-02    1.000312796438e+02    1.000314319342e+02    1.000327523941e+02    1.000327523941e+02    1.000314796321e+02    1.000316157189e+02    1.000319303816e+02    6.235895140768e-03    1.000314748523e+02    6.235895140768e-03    1.000160119767e+02    1.000314602025e+02    1.000314602025e+02    8.721725850665e-03    8.721743610221e-03    8.721725850607e-03    8.721725850665e-03    8.721743610221e-03    8.721725850607e-03    8.721725850424e-03    8.721725353488e-03    1.000314602024e+02    8.721725353488e-03    8.721725850611e-03    1.000160119767e+02    1.000314602024e+02    1.000314602024e+02    6.987397293975e-03    1.000314250292e+02    1.279171459445e-02    1.252074557864e-02    1.000314838896e+02    1.673433131388e-02    1.252074557864e-02    1.235328694103e-02    1.232837086148e-02    1.252074561551e-02    1.000314207988e+02    1.000314800260e+02    8.923219777186e-05    1.000314617392e+02    0.000000000000e+00    0.000000000000e+00    0.000000000000e+00    0.000000000000e+00    0.000000000000e+00    0.000000000000e+00    0.000000000000e+00    0.000000000000e+00    0.000000000000e+00    0.000000000000e+00    0.000000000000e+00    0.000000000000e+00
  +3V3:+2V8_TCC0603X5R226M6R3CT_C73_DCFlowVRM_pos    1.000314602023e+02    1.000314802986e+02    1.000315223867e+02    1.000160119771e+02    1.000327523942e+02    2.000678908373e+02    1.000317402425e+02    6.309886607994e-03    1.000314741324e+02    2.115231911380e-02    1.000312796439e+02    1.000314319344e+02    2.000652728774e+02    2.000652728774e+02    1.000314796323e+02    1.000316157190e+02    1.000319303818e+02    6.235895140778e-03    1.000314748525e+02    6.235895140778e-03    1.000160119769e+02    1.000314602027e+02    1.000314602027e+02    8.721725850679e-03    8.721743610236e-03    8.721725850622e-03    8.721725850679e-03    8.721743610236e-03    8.721725850622e-03    8.721725850438e-03    8.721725353503e-03    1.000314602026e+02    8.721725353503e-03    8.721725850626e-03    1.000160119768e+02    1.000314602026e+02    1.000314602026e+02    6.987397293987e-03    1.000314250294e+02    1.279171459447e-02    1.252074557866e-02    1.000314838897e+02    1.673433131391e-02    1.252074557866e-02    1.235328694105e-02    1.232837086150e-02    1.252074561553e-02    1.000314207989e+02    1.000314800262e+02    8.923219777201e-05    1.000314617394e+02    0.000000000000e+00    0.000000000000e+00    0.000000000000e+00    0.000000000000e+00    0.000000000000e+00    0.000000000000e+00    0.000000000000e+00    0.000000000000e+00    0.000000000000e+00    0.000000000000e+00    0.000000000000e+00    0.000000000000e+00
  +3V3:+2V8_TCC0603X5R226M6R3CT_C73_DCFlowVRM_neg    1.000315872024e+02    1.000316324834e+02    1.000316289534e+02    1.000158108519e+02    1.000317402423e+02    1.000317402425e+02    1.000374588110e+02    6.309886607983e-03    1.000316171611e+02    2.115231911376e-02    1.000312863839e+02    1.000314521670e+02    1.000317402425e+02    1.000317402425e+02    1.000316304426e+02    1.000314777104e+02    1.000319498687e+02    6.235895140767e-03    1.000316190186e+02    6.235895140767e-03    1.000158108516e+02    1.000315872028e+02    1.000315872028e+02    8.721725850663e-03    8.721743610220e-03    8.721725850606e-03    8.721725850663e-03    8.721743610220e-03    8.721725850606e-03    8.721725850423e-03    8.721725353487e-03    1.000315872027e+02    8.721725353487e-03    8.721725850610e-03    1.000158108516e+02    1.000315872027e+02    1.000315872027e+02    6.987397293974e-03    1.000314985976e+02    1.279171459445e-02    1.252074557863e-02    1.000316407061e+02    1.673433131388e-02    1.252074557863e-02    1.235328694102e-02    1.232837086148e-02    1.252074561551e-02    1.000314449921e+02    1.000316317228e+02    8.923219777185e-05    1.000315871835e+02    0.000000000000e+00    0.000000000000e+00    0.000000000000e+00    0.000000000000e+00    0.000000000000e+00    0.000000000000e+00    0.000000000000e+00    0.000000000000e+00    0.000000000000e+00    0.000000000000e+00    0.000000000000e+00    0.000000000000e+00
  +3V3:+3V3_DS1139-06-08SS4BSR_CARD1_DCFlowSink_pos    6.309886711441e-03    6.309886607980e-03    6.309886607984e-03    6.308894371735e-03    6.309886607984e-03    6.309886607994e-03    6.309886607983e-03    1.041495865101e-02    6.309886607975e-03    6.309873553455e-03    6.309886607986e-03    6.309886607984e-03    6.309886607993e-03    6.309886607992e-03    6.309886607976e-03    6.309886607985e-03    6.309886607984e-03    6.778343381218e-03    6.309886607975e-03    6.778343381218e-03    6.308894371721e-03    6.309886711463e-03    6.309886711463e-03    6.093690763878e-03    6.093691407733e-03    6.093690763877e-03    6.093690763878e-03    6.093691407733e-03    6.093690763877e-03    6.093690763870e-03    6.093690745854e-03    6.309886711460e-03    6.093690745854e-03    6.093690763877e-03    6.308894371719e-03    6.309886711459e-03    6.309886711459e-03    6.032523213580e-03    6.309886607983e-03    6.517048171488e-03    6.229032947887e-03    6.309886607977e-03    6.317395093876e-03    6.229032947887e-03    6.564973772084e-03    6.567697409766e-03    6.229032948364e-03    6.309886607984e-03    6.309886607982e-03    8.923220612228e-05    6.309886607978e-03    0.000000000000e+00    0.000000000000e+00    0.000000000000e+00    0.000000000000e+00    0.000000000000e+00    0.000000000000e+00    0.000000000000e+00    0.000000000000e+00    0.000000000000e+00    0.000000000000e+00    0.000000000000e+00    0.000000000000e+00
  +3V3:+3V3_DS1139-06-08SS4BSR_CARD1_DCFlowSink_neg    1.000319148334e+02    1.000321600847e+02    1.000315291091e+02    1.000157024041e+02    1.000314741323e+02    1.000314741324e+02    1.000316171611e+02    6.309886607975e-03    1.000336946227e+02    2.115231911373e-02    1.000312440779e+02    1.000316518061e+02    1.000314741324e+02    1.000314741324e+02    1.000327456423e+02    1.000313989743e+02    1.000315283621e+02    6.235895140759e-03    1.000325523599e+02    6.235895140759e-03    1.000157024038e+02    1.000319148338e+02    1.000319148338e+02    8.721725850653e-03    8.721743610209e-03    8.721725850595e-03    8.721725850653e-03    8.721743610210e-03    8.721725850595e-03    8.721725850412e-03    8.721725353477e-03    1.000319148337e+02    8.721725353476e-03    8.721725850599e-03    1.000157024038e+02    1.000319148337e+02    1.000319148337e+02    6.987397293966e-03    1.000318248245e+02    1.279171459443e-02    1.252074557862e-02    1.000324534745e+02    1.673433131386e-02    1.252074557862e-02    1.235328694101e-02    1.232837086146e-02    1.252074561549e-02    1.000316418360e+02    1.000319152902e+02    8.923219777174e-05    1.000323657255e+02    0.000000000000e+00    0.000000000000e+00    0.000000000000e+00    0.000000000000e+00    0.000000000000e+00    0.000000000000e+00    0.000000000000e+00    0.000000000000e+00    0.000000000000e+00    0.000000000000e+00    0.000000000000e+00    0.000000000000e+00
  +3V3:+3V3_TCC0603X5R226M6R3CT_C23_DCFlowVRM_pos    2.115231946058e-02    2.115231911375e-02    2.115231911376e-02    2.114899288952e-02    2.115231911376e-02    2.115231911380e-02    2.115231911376e-02    6.309873553455e-03    2.115231911373e-02    2.206655538288e-02    2.115231911377e-02    2.115231911376e-02    2.115231911379e-02    2.115231911379e-02    2.115231911374e-02    2.115231911376e-02    2.115231911376e-02    6.235885477579e-03    2.115231911373e-02    6.235885477579e-03    2.114899288948e-02    2.115231946065e-02    2.115231946065e-02    8.721765837428e-03    8.721783597241e-03    8.721765837370e-03    8.721765837428e-03    8.721783597241e-03    8.721765837371e-03    8.721765837187e-03    8.721765340244e-03    2.115231946064e-02    8.721765340244e-03    8.721765837374e-03    2.114899288947e-02    2.115231946064e-02    2.115231946064e-02    6.987412195450e-03    2.115231911376e-02    1.279142138197e-02    1.252089727688e-02    2.115231911374e-02    1.673270589127e-02    1.252089727688e-02    1.235301267534e-02    1.232809767255e-02    1.252089731377e-02    2.115231911376e-02    2.115231911375e-02    8.923220612118e-05    2.115231911374e-02    0.000000000000e+00    0.000000000000e+00    0.000000000000e+00    0.000000000000e+00    0.000000000000e+00    0.000000000000e+00    0.000000000000e+00    0.000000000000e+00    0.000000000000e+00    0.000000000000e+00    0.000000000000e+00    0.000000000000e+00
  +3V3:+3V3_TCC0603X5R226M6R3CT_C23_DCFlowVRM_neg    1.000312452678e+02    1.000312480992e+02    1.000313095590e+02    1.000155197448e+02    1.000312796438e+02    1.000312796439e+02    1.000312863839e+02    6.309886607986e-03    1.000312440779e+02    2.115231911377e-02    1.000325290171e+02    1.000312099467e+02    1.000312796439e+02    1.000312796439e+02    1.000312462898e+02    1.000312421018e+02    1.000312874022e+02    6.235895140769e-03    1.000312445400e+02    6.235895140769e-03    1.000155197445e+02    1.000312452682e+02    1.000312452682e+02    8.721725850667e-03    8.721743610224e-03    8.721725850610e-03    8.721725850667e-03    8.721743610224e-03    8.721725850610e-03    8.721725850426e-03    8.721725353491e-03    1.000312452681e+02    8.721725353490e-03    8.721725850613e-03    1.000155197445e+02    1.000312452681e+02    1.000312452681e+02    6.987397293977e-03    1.000312211610e+02    1.279171459445e-02    1.252074557864e-02    1.000312480398e+02    1.673433131388e-02    1.252074557864e-02    1.235328694103e-02    1.232837086148e-02    1.252074561551e-02    1.000312072652e+02    1.000312526530e+02    8.923219777188e-05    1.000312389063e+02    0.000000000000e+00    0.000000000000e+00    0.000000000000e+00    0.000000000000e+00    0.000000000000e+00    0.000000000000e+00    0.000000000000e+00    0.000000000000e+00    0.000000000000e+00    0.000000000000e+00    0.000000000000e+00    0.000000000000e+00
  +3V3:+5V_TYPE-C16PIN_USB1_DCFlowVRM_neg    1.000316167602e+02    1.000316192459e+02    1.000314035682e+02    1.000157607870e+02    1.000314319342e+02    1.000314319344e+02    1.000314521670e+02    6.309886607984e-03    1.000316518061e+02    2.115231911376e-02    1.000312099467e+02    1.000325190999e+02    1.000314319344e+02    1.000314319344e+02    1.000316379076e+02    1.000314550647e+02    1.000314328523e+02    6.235895140767e-03    1.000316477741e+02    6.235895140767e-03    1.000157607868e+02    1.000316167605e+02    1.000316167605e+02    8.721725850664e-03    8.721743610221e-03    8.721725850607e-03    8.721725850665e-03    8.721743610221e-03    8.721725850607e-03    8.721725850424e-03    8.721725353488e-03    1.000316167604e+02    8.721725353488e-03    8.721725850611e-03    1.000157607867e+02    1.000316167604e+02    1.000316167604e+02    6.987397293975e-03    1.000317934151e+02    1.279171459445e-02    1.252074557864e-02    1.000316268242e+02    1.673433131388e-02    1.252074557864e-02    1.235328694103e-02    1.232837086148e-02    1.252074561551e-02    1.000320384385e+02    1.000315775863e+02    8.923219777186e-05    1.000316851606e+02    0.000000000000e+00    0.000000000000e+00    0.000000000000e+00    0.000000000000e+00    0.000000000000e+00    0.000000000000e+00    0.000000000000e+00    0.000000000000e+00    0.000000000000e+00    0.000000000000e+00    0.000000000000e+00    0.000000000000e+00
  +3V3:P1_24_+2V8_pos    1.000314602023e+02    1.000314802986e+02    1.000315223867e+02    1.000160119771e+02    1.000327523941e+02    2.000652728774e+02    1.000317402425e+02    6.309886607993e-03    1.000314741324e+02    2.115231911379e-02    1.000312796439e+02    1.000314319344e+02    2.001564930498e+02    2.001444106854e+02    1.000314796322e+02    1.000316157190e+02    1.000319303817e+02    6.235895140776e-03    1.000314748525e+02    6.235895140776e-03    1.000160119768e+02    1.000314602026e+02    1.000314602026e+02    8.721725850676e-03    8.721743610233e-03    8.721725850619e-03    8.721725850677e-03    8.721743610233e-03    8.721725850619e-03    8.721725850436e-03    8.721725353500e-03    1.000314602026e+02    8.721725353500e-03    8.721725850623e-03    1.000160119768e+02    1.000314602026e+02    1.000314602026e+02    6.987397293985e-03    1.000314250294e+02    1.279171459447e-02    1.252074557865e-02    1.000314838897e+02    1.673433131390e-02    1.252074557865e-02    1.235328694104e-02    1.232837086150e-02    1.252074561553e-02    1.000314207989e+02    1.000314800262e+02    8.923219777198e-05    1.000314617393e+02    0.000000000000e+00    0.000000000000e+00    0.000000000000e+00    0.000000000000e+00    0.000000000000e+00    0.000000000000e+00    0.000000000000e+00    0.000000000000e+00    0.000000000000e+00    0.000000000000e+00    0.000000000000e+00    0.000000000000e+00
  +3V3:P1_4_+2V8_pos    1.000314602023e+02    1.000314802986e+02    1.000315223867e+02    1.000160119771e+02    1.000327523941e+02    2.000652728774e+02    1.000317402425e+02    6.309886607992e-03    1.000314741324e+02    2.115231911379e-02    1.000312796439e+02    1.000314319344e+02    2.001444106854e+02    2.001565077471e+02    1.000314796322e+02    1.000316157190e+02    1.000319303817e+02    6.235895140776e-03    1.000314748525e+02    6.235895140776e-03    1.000160119768e+02    1.000314602026e+02    1.000314602026e+02    8.721725850676e-03    8.721743610233e-03    8.721725850619e-03    8.721725850676e-03    8.721743610233e-03    8.721725850619e-03    8.721725850436e-03    8.721725353500e-03    1.000314602026e+02    8.721725353500e-03    8.721725850623e-03    1.000160119768e+02    1.000314602026e+02    1.000314602026e+02    6.987397293985e-03    1.000314250294e+02    1.279171459447e-02    1.252074557865e-02    1.000314838897e+02    1.673433131390e-02    1.252074557865e-02    1.235328694104e-02    1.232837086150e-02    1.252074561553e-02    1.000314207989e+02    1.000314800262e+02    8.923219777198e-05    1.000314617393e+02    0.000000000000e+00    0.000000000000e+00    0.000000000000e+00    0.000000000000e+00    0.000000000000e+00    0.000000000000e+00    0.000000000000e+00    0.000000000000e+00    0.000000000000e+00    0.000000000000e+00    0.000000000000e+00    0.000000000000e+00
  +3V3:P1_4_+2V8_neg    1.000319148428e+02    1.000321802322e+02    1.000315367479e+02    1.000157033436e+02    1.000314796321e+02    1.000314796323e+02    1.000316304426e+02    6.309886607976e-03    1.000327456423e+02    2.115231911374e-02    1.000312462898e+02    1.000316379076e+02    1.000314796322e+02    1.000314796322e+02    1.000338319079e+02    1.000313994023e+02    1.000315368944e+02    6.235895140760e-03    1.000325162731e+02    6.235895140760e-03    1.000157033434e+02    1.000319148431e+02    1.000319148431e+02    8.721725850653e-03    8.721743610210e-03    8.721725850596e-03    8.721725850654e-03    8.721743610210e-03    8.721725850596e-03    8.721725850413e-03    8.721725353477e-03    1.000319148431e+02    8.721725353477e-03    8.721725850600e-03    1.000157033434e+02    1.000319148431e+02    1.000319148431e+02    6.987397293966e-03    1.000318039386e+02    1.279171459443e-02    1.252074557862e-02    1.000325684914e+02    1.673433131386e-02    1.252074557862e-02    1.235328694101e-02    1.232837086146e-02    1.252074561550e-02    1.000316286197e+02    1.000319272065e+02    8.923219777175e-05    1.000322781995e+02    0.000000000000e+00    0.000000000000e+00    0.000000000000e+00    0.000000000000e+00    0.000000000000e+00    0.000000000000e+00    0.000000000000e+00    0.000000000000e+00    0.000000000000e+00    0.000000000000e+00    0.000000000000e+00    0.000000000000e+00
  +3V3:U11_2_+5V_neg    1.000313891282e+02    1.000313971712e+02    1.000313923886e+02    1.000160493182e+02    1.000316157189e+02    1.000316157190e+02    1.000314777104e+02    6.309886607985e-03    1.000313989743e+02    2.115231911376e-02    1.000312421018e+02    1.000314550647e+02    1.000316157190e+02    1.000316157190e+02    1.000313994023e+02    1.000356251141e+02    1.000315382899e+02    6.235895140768e-03    1.000313987395e+02    6.235895140768e-03    1.000160493180e+02    1.000313891285e+02    1.000313891285e+02    8.721725850665e-03    8.721743610222e-03    8.721725850608e-03    8.721725850665e-03    8.721743610222e-03    8.721725850608e-03    8.721725850425e-03    8.721725353489e-03    1.000313891285e+02    8.721725353489e-03    8.721725850612e-03    1.000160493180e+02    1.000313891285e+02    1.000313891285e+02    6.987397293976e-03    1.000313989282e+02    1.279171459445e-02    1.252074557864e-02    1.000313996891e+02    1.673433131388e-02    1.252074557864e-02    1.235328694103e-02    1.232837086148e-02    1.252074561551e-02    1.000314402618e+02    1.000313912578e+02    8.923219777187e-05    1.000313982861e+02    0.000000000000e+00    0.000000000000e+00    0.000000000000e+00    0.000000000000e+00    0.000000000000e+00    0.000000000000e+00    0.000000000000e+00    0.000000000000e+00    0.000000000000e+00    0.000000000000e+00    0.000000000000e+00    0.000000000000e+00
  +3V3:U12_2_+5V_neg    1.000315099777e+02    1.000315387022e+02    1.000315837264e+02    1.000158956918e+02    1.000319303816e+02    1.000319303818e+02    1.000319498687e+02    6.309886607984e-03    1.000315283621e+02    2.115231911376e-02    1.000312874022e+02    1.000314328523e+02    1.000319303817e+02    1.000319303817e+02    1.000315368944e+02    1.000315382899e+02    1.000351431443e+02    6.235895140767e-03    1.000315295889e+02    6.235895140767e-03    1.000158956916e+02    1.000315099781e+02    1.000315099781e+02    8.721725850664e-03    8.721743610221e-03    8.721725850607e-03    8.721725850664e-03    8.721743610221e-03    8.721725850607e-03    8.721725850424e-03    8.721725353488e-03    1.000315099780e+02    8.721725353488e-03    8.721725850611e-03    1.000158956915e+02    1.000315099780e+02    1.000315099780e+02    6.987397293975e-03    1.000314510955e+02    1.279171459445e-02    1.252074557864e-02    1.000315435102e+02    1.673433131388e-02    1.252074557864e-02    1.235328694103e-02    1.232837086148e-02    1.252074561551e-02    1.000314240080e+02    1.000315400249e+02    8.923219777186e-05    1.000315090426e+02    0.000000000000e+00    0.000000000000e+00    0.000000000000e+00    0.000000000000e+00    0.000000000000e+00    0.000000000000e+00    0.000000000000e+00    0.000000000000e+00    0.000000000000e+00    0.000000000000e+00    0.000000000000e+00    0.000000000000e+00
  +3V3:U1_F6_+3V3_pos    6.235895243012e-03    6.235895140763e-03    6.235895140767e-03    6.234914539754e-03    6.235895140768e-03    6.235895140778e-03    6.235895140767e-03    6.778343381218e-03    6.235895140759e-03    6.235885477579e-03    6.235895140769e-03    6.235895140767e-03    6.235895140776e-03    6.235895140776e-03    6.235895140760e-03    6.235895140768e-03    6.235895140767e-03    1.245277238852e-02    6.235895140759e-03    1.172479016501e-02    6.234914539740e-03    6.235895243033e-03    6.235895243034e-03    6.073546893004e-03    6.073547376246e-03    6.073546893003e-03    6.073546893004e-03    6.073547376246e-03    6.073546893003e-03    6.073546892998e-03    6.073546879476e-03    6.235895243030e-03    6.073546879476e-03    6.073546893003e-03    6.234914539738e-03    6.235895243030e-03    6.235895243029e-03    6.025739850410e-03    6.235895140766e-03    6.391463372979e-03    6.175178179582e-03    6.235895140760e-03    6.241533782575e-03    6.175178179582e-03    6.427453129577e-03    6.429498446819e-03    6.175178179940e-03    6.235895140768e-03    6.235895140765e-03    8.923220612228e-05    6.235895140762e-03    0.000000000000e+00    0.000000000000e+00    0.000000000000e+00    0.000000000000e+00    0.000000000000e+00    0.000000000000e+00    0.000000000000e+00    0.000000000000e+00    0.000000000000e+00    0.000000000000e+00    0.000000000000e+00    0.000000000000e+00
  +3V3:U1_F6_+3V3_neg    1.000319203774e+02    1.000321814923e+02    1.000315307062e+02    1.000157022208e+02    1.000314748523e+02    1.000314748525e+02    1.000316190186e+02    6.309886607975e-03    1.000325523599e+02    2.115231911373e-02    1.000312445400e+02    1.000316477741e+02    1.000314748525e+02    1.000314748525e+02    1.000325162731e+02    1.000313987395e+02    1.000315295889e+02    6.235895140759e-03    1.000327791544e+02    6.235895140759e-03    1.000157022206e+02    1.000319203777e+02    1.000319203777e+02    8.721725850652e-03    8.721743610209e-03    8.721725850595e-03    8.721725850652e-03    8.721743610209e-03    8.721725850595e-03    8.721725850412e-03    8.721725353476e-03    1.000319203776e+02    8.721725353476e-03    8.721725850599e-03    1.000157022205e+02    1.000319203776e+02    1.000319203776e+02    6.987397293965e-03    1.000318192272e+02    1.279171459443e-02    1.252074557862e-02    1.000324388911e+02    1.673433131385e-02    1.252074557862e-02    1.235328694101e-02    1.232837086146e-02    1.252074561549e-02    1.000316381238e+02    1.000319222426e+02    8.923219777173e-05    1.000323294432e+02    0.000000000000e+00    0.000000000000e+00    0.000000000000e+00    0.000000000000e+00    0.000000000000e+00    0.000000000000e+00    0.000000000000e+00    0.000000000000e+00    0.000000000000e+00    0.000000000000e+00    0.000000000000e+00    0.000000000000e+00
  +3V3:U1_F7_+3V3_pos    6.235895243012e-03    6.235895140763e-03    6.235895140767e-03    6.234914539754e-03    6.235895140768e-03    6.235895140778e-03    6.235895140767e-03    6.778343381218e-03    6.235895140759e-03    6.235885477579e-03    6.235895140769e-03    6.235895140767e-03    6.235895140776e-03    6.235895140776e-03    6.235895140760e-03    6.235895140768e-03    6.235895140767e-03    1.172479016501e-02    6.235895140759e-03    1.359710332249e-02    6.234914539740e-03    6.235895243033e-03    6.235895243034e-03    6.073546893004e-03    6.073547376246e-03    6.073546893003e-03    6.073546893004e-03    6.073547376246e-03    6.073546893003e-03    6.073546892998e-03    6.073546879476e-03    6.235895243030e-03    6.073546879476e-03    6.073546893003e-03    6.234914539738e-03    6.235895243030e-03    6.235895243030e-03    6.025739850410e-03    6.235895140766e-03    6.391463372979e-03    6.175178179582e-03    6.235895140760e-03    6.241533782575e-03    6.175178179582e-03    6.427453129577e-03    6.429498446819e-03    6.175178179940e-03    6.235895140768e-03    6.235895140765e-03    8.923220612228e-05    6.235895140762e-03    0.000000000000e+00    0.000000000000e+00    0.000000000000e+00    0.000000000000e+00    0.000000000000e+00    0.000000000000e+00    0.000000000000e+00    0.000000000000e+00    0.000000000000e+00    0.000000000000e+00    0.000000000000e+00    0.000000000000e+00
  +3V3:U1_G11_+2V5_pos    1.000156906152e+02    1.000157010555e+02    1.000156972392e+02    7.129028803358e+06    1.000160119767e+02    1.000160119769e+02    1.000158108516e+02    6.308894371721e-03    1.000157024038e+02    2.114899288948e-02    1.000155197445e+02    1.000157607868e+02    1.000160119768e+02    1.000160119768e+02    1.000157033434e+02    1.000160493180e+02    1.000158956916e+02    6.234914539740e-03    1.000157022206e+02    6.234914539740e-03    7.129028865749e+06    1.000156906156e+02    1.000156906156e+02    8.720354350160e-03    8.720372106924e-03    8.720354350103e-03    8.720354350160e-03    8.720372106924e-03    8.720354350103e-03    8.720354349920e-03    8.720353853062e-03    1.000156906155e+02    8.720353853062e-03    8.720354350107e-03    7.129028862266e+06    1.000156906155e+02    1.000156906155e+02    6.986298518449e-03    1.000156978302e+02    1.278970308396e-02    1.251877667831e-02    1.000157040237e+02    1.673169982279e-02    1.251877667831e-02    1.235134437375e-02    1.232643221228e-02    1.251877671518e-02    1.000157408522e+02    1.000156948243e+02    8.921816591551e-05    1.000157005772e+02    0.000000000000e+00    0.000000000000e+00    0.000000000000e+00    0.000000000000e+00    0.000000000000e+00    0.000000000000e+00    0.000000000000e+00    0.000000000000e+00    0.000000000000e+00    0.000000000000e+00    0.000000000000e+00    0.000000000000e+00
  +3V3:U1_G6_+1V1_pos    2.000394320137e+02    1.000319581315e+02    1.000315280815e+02    1.000156906158e+02    1.000314602025e+02    1.000314602027e+02    1.000315872028e+02    6.309886711463e-03    1.000319148338e+02    2.115231946065e-02    1.000312452682e+02    1.000316167605e+02    1.000314602026e+02    1.000314602026e+02    1.000319148431e+02    1.000313891285e+02    1.000315099781e+02    6.235895243033e-03    1.000319203777e+02    6.235895243033e-03    1.000156906156e+02    2.000684379015e+02    2.000684364913e+02    8.721725993697e-03    8.721743753254e-03    8.721725993640e-03    8.721725993697e-03    8.721743753254e-03    8.721725993640e-03    8.721725993456e-03    8.721725496521e-03    2.000602338266e+02    8.721725496520e-03    8.721725993644e-03    1.000156906156e+02    2.000602338266e+02    2.000602338266e+02    6.987397408566e-03    1.000317771786e+02    1.279171480423e-02    1.252074578397e-02    1.000319154323e+02    1.673433158831e-02    1.252074578397e-02    1.235328714361e-02    1.232837106366e-02    1.252074582085e-02    1.000316117395e+02    1.000319991739e+02    8.923219923523e-05    1.000319091409e+02    0.000000000000e+00    0.000000000000e+00    0.000000000000e+00    0.000000000000e+00    0.000000000000e+00    0.000000000000e+00    0.000000000000e+00    0.000000000000e+00    0.000000000000e+00    0.000000000000e+00    0.000000000000e+00    0.000000000000e+00
  +3V3:U1_G7_+1V1_pos    2.000394320137e+02    1.000319581315e+02    1.000315280815e+02    1.000156906158e+02    1.000314602025e+02    1.000314602027e+02    1.000315872028e+02    6.309886711463e-03    1.000319148338e+02    2.115231946065e-02    1.000312452682e+02    1.000316167605e+02    1.000314602026e+02    1.000314602026e+02    1.000319148431e+02    1.000313891285e+02    1.000315099781e+02    6.235895243034e-03    1.000319203777e+02    6.235895243034e-03    1.000156906156e+02    2.000684364913e+02    2.000712142193e+02    8.721725993697e-03    8.721743753254e-03    8.721725993640e-03    8.721725993697e-03    8.721743753254e-03    8.721725993640e-03    8.721725993457e-03    8.721725496521e-03    2.000602338266e+02    8.721725496521e-03    8.721725993644e-03    1.000156906156e+02    2.000602338266e+02    2.000602338266e+02    6.987397408566e-03    1.000317771786e+02    1.279171480423e-02    1.252074578397e-02    1.000319154323e+02    1.673433158831e-02    1.252074578397e-02    1.235328714362e-02    1.232837106366e-02    1.252074582085e-02    1.000316117395e+02    1.000319991740e+02    8.923219923523e-05    1.000319091409e+02    0.000000000000e+00    0.000000000000e+00    0.000000000000e+00    0.000000000000e+00    0.000000000000e+00    0.000000000000e+00    0.000000000000e+00    0.000000000000e+00    0.000000000000e+00    0.000000000000e+00    0.000000000000e+00    0.000000000000e+00
  +3V3:U1_G9_+3V3_pos    8.721725993666e-03    8.721725850658e-03    8.721725850664e-03    8.720354350179e-03    8.721725850665e-03    8.721725850679e-03    8.721725850663e-03    6.093690763878e-03    8.721725850653e-03    8.721765837428e-03    8.721725850667e-03    8.721725850664e-03    8.721725850676e-03    8.721725850676e-03    8.721725850653e-03    8.721725850665e-03    8.721725850664e-03    6.073546893004e-03    8.721725850652e-03    6.073546893004e-03    8.720354350160e-03    8.721725993697e-03    8.721725993697e-03    2.876670990649e-02    1.415251004642e-02    2.079175716051e-02    2.333864828722e-02    1.415251004642e-02    2.079175716051e-02    1.833655070170e-02    1.436313022340e-02    8.721725993692e-03    1.436313022340e-02    2.084449885032e-02    8.720354350158e-03    8.721725993691e-03    8.721725993691e-03    7.212370143957e-03    8.721725850663e-03    8.127027124826e-03    8.953835953877e-03    8.721725850655e-03    8.700173659358e-03    8.953835953877e-03    7.989446516364e-03    7.981627736325e-03    8.953835952509e-03    8.721725850665e-03    8.721725850661e-03    8.923220612210e-05    8.721725850657e-03    0.000000000000e+00    0.000000000000e+00    0.000000000000e+00    0.000000000000e+00    0.000000000000e+00    0.000000000000e+00    0.000000000000e+00    0.000000000000e+00    0.000000000000e+00    0.000000000000e+00    0.000000000000e+00    0.000000000000e+00
  +3V3:U1_H11_+3V3_pos    8.721743753224e-03    8.721743610215e-03    8.721743610221e-03    8.720372106943e-03    8.721743610221e-03    8.721743610236e-03    8.721743610220e-03    6.093691407733e-03    8.721743610209e-03    8.721783597241e-03    8.721743610224e-03    8.721743610221e-03    8.721743610233e-03    8.721743610233e-03    8.721743610210e-03    8.721743610222e-03    8.721743610221e-03    6.073547376246e-03    8.721743610209e-03    6.073547376246e-03    8.720372106924e-03    8.721743753254e-03    8.721743753254e-03    1.415251004642e-02    1.879912581841e-02    1.415250769509e-02    1.415251004642e-02    1.725264588450e-02    1.415250769509e-02    1.415250034045e-02    1.406788880585e-02    8.721743753249e-03    1.406788880584e-02    1.415250784549e-02    8.720372106922e-03    8.721743753249e-03    8.721743753248e-03    7.212369522191e-03    8.721743610219e-03    8.127041012735e-03    8.953855224527e-03    8.721743610211e-03    8.700191278600e-03    8.953855224527e-03    7.989459508588e-03    7.981640677647e-03    8.953855223159e-03    8.721743610221e-03    8.721743610218e-03    8.923220612210e-05    8.721743610214e-03    0.000000000000e+00    0.000000000000e+00    0.000000000000e+00    0.000000000000e+00    0.000000000000e+00    0.000000000000e+00    0.000000000000e+00    0.000000000000e+00    0.000000000000e+00    0.000000000000e+00    0.000000000000e+00    0.000000000000e+00
  +3V3:U1_H6_+3V3_pos    8.721725993609e-03    8.721725850601e-03    8.721725850607e-03    8.720354350122e-03    8.721725850607e-03    8.721725850622e-03    8.721725850606e-03    6.093690763877e-03    8.721725850595e-03    8.721765837370e-03    8.721725850609e-03    8.721725850607e-03    8.721725850619e-03    8.721725850619e-03    8.721725850596e-03    8.721725850608e-03    8.721725850607e-03    6.073546893003e-03    8.721725850595e-03    6.073546893003e-03    8.720354350103e-03    8.721725993640e-03    8.721725993640e-03    2.079175716051e-02    1.415250769509e-02    2.446010363584e-02    2.079175716051e-02    1.415250769509e-02    2.322365628165e-02    1.834509794079e-02    1.436312926236e-02    8.721725993635e-03    1.436312926236e-02    2.145493341384e-02    8.720354350100e-03    8.721725993634e-03    8.721725993634e-03    7.212370143960e-03    8.721725850605e-03    8.127027124781e-03    8.953835953815e-03    8.721725850597e-03    8.700173659301e-03    8.953835953815e-03    7.989446516322e-03    7.981627736284e-03    8.953835952447e-03    8.721725850607e-03    8.721725850604e-03    8.923220612212e-05    8.721725850600e-03    0.000000000000e+00    0.000000000000e+00    0.000000000000e+00    0.000000000000e+00    0.000000000000e+00    0.000000000000e+00    0.000000000000e+00    0.000000000000e+00    0.000000000000e+00    0.000000000000e+00    0.000000000000e+00    0.000000000000e+00
  +3V3:U1_H7_+3V3_pos    8.721725993667e-03    8.721725850659e-03    8.721725850664e-03    8.720354350180e-03    8.721725850665e-03    8.721725850679e-03    8.721725850663e-03    6.093690763878e-03    8.721725850653e-03    8.721765837428e-03    8.721725850667e-03    8.721725850665e-03    8.721725850677e-03    8.721725850676e-03    8.721725850654e-03    8.721725850665e-03    8.721725850664e-03    6.073546893004e-03    8.721725850652e-03    6.073546893004e-03    8.720354350160e-03    8.721725993697e-03    8.721725993697e-03    2.333864828722e-02    1.415251004642e-02    2.079175716051e-02    2.467000883171e-02    1.415251004642e-02    2.079175716051e-02    1.833655070170e-02    1.436313022340e-02    8.721725993692e-03    1.436313022340e-02    2.084449885032e-02    8.720354350158e-03    8.721725993692e-03    8.721725993692e-03    7.212370143957e-03    8.721725850663e-03    8.127027124826e-03    8.953835953877e-03    8.721725850655e-03    8.700173659358e-03    8.953835953877e-03    7.989446516364e-03    7.981627736325e-03    8.953835952509e-03    8.721725850665e-03    8.721725850661e-03    8.923220612211e-05    8.721725850657e-03    0.000000000000e+00    0.000000000000e+00    0.000000000000e+00    0.000000000000e+00    0.000000000000e+00    0.000000000000e+00    0.000000000000e+00    0.000000000000e+00    0.000000000000e+00    0.000000000000e+00    0.000000000000e+00    0.000000000000e+00
  +3V3:U1_J11_+3V3_pos    8.721743753224e-03    8.721743610215e-03    8.721743610221e-03    8.720372106943e-03    8.721743610221e-03    8.721743610236e-03    8.721743610220e-03    6.093691407733e-03    8.721743610210e-03    8.721783597241e-03    8.721743610224e-03    8.721743610221e-03    8.721743610233e-03    8.721743610233e-03    8.721743610210e-03    8.721743610222e-03    8.721743610221e-03    6.073547376246e-03    8.721743610209e-03    6.073547376246e-03    8.720372106924e-03    8.721743753254e-03    8.721743753254e-03    1.415251004642e-02    1.725264588450e-02    1.415250769509e-02    1.415251004642e-02    1.876205606319e-02    1.415250769509e-02    1.415250034045e-02    1.406788880585e-02    8.721743753249e-03    1.406788880584e-02    1.415250784549e-02    8.720372106922e-03    8.721743753249e-03    8.721743753249e-03    7.212369522191e-03    8.721743610220e-03    8.127041012735e-03    8.953855224527e-03    8.721743610211e-03    8.700191278600e-03    8.953855224527e-03    7.989459508588e-03    7.981640677647e-03    8.953855223160e-03    8.721743610221e-03    8.721743610218e-03    8.923220612210e-05    8.721743610214e-03    0.000000000000e+00    0.000000000000e+00    0.000000000000e+00    0.000000000000e+00    0.000000000000e+00    0.000000000000e+00    0.000000000000e+00    0.000000000000e+00    0.000000000000e+00    0.000000000000e+00    0.000000000000e+00    0.000000000000e+00
