B_PARAMS

 Triangles 152509
 Tetrahedra 0

 ResMat 63
  +3V3:+1V1_TCC0603X5R226M6R3CT_C28_DCFlowVRM_pos    2.000410972874e+02    1.000318952567e+02    1.000314653290e+02    9.999155902967e+01    1.000313974981e+02    1.000313974013e+02    1.000315244670e+02    6.346603173805e-03    1.000318520089e+02    2.118852318336e-02    1.000311823502e+02    1.000315544541e+02    1.000313974013e+02    1.000313974013e+02    1.000318520187e+02    1.000313264521e+02    1.000314472425e+02    6.274338574241e-03    1.000318575341e+02    6.274338574241e-03    9.999155902938e+01    2.000392542661e+02    2.000392542661e+02    8.764357491074e-03    8.764376186684e-03    8.764357491013e-03    8.764357491074e-03    8.764376186684e-03    8.764357491013e-03    8.764357490818e-03    8.764356971701e-03    2.000392542661e+02    8.764356971701e-03    8.764357491021e-03    9.999155902940e+01    2.000392542661e+02    2.000392542661e+02    7.027119503531e-03    1.000317142226e+02    1.282575596389e-02    1.256025714650e-02    1.000318526127e+02    1.677911011018e-02    1.256025714650e-02    1.238828767334e-02    1.236324738192e-02    1.256025722132e-02    1.000315494073e+02    1.000319368056e+02    8.888500360607e-05    1.000318463301e+02    0.000000000000e+00    0.000000000000e+00    0.000000000000e+00    0.000000000000e+00    0.000000000000e+00    0.000000000000e+00    0.000000000000e+00    0.000000000000e+00    0.000000000000e+00    0.000000000000e+00    0.000000000000e+00    0.000000000000e+00
  +3V3:+1V1_TCC0603X5R226M6R3CT_C28_DCFlowVRM_neg    1.000318952567e+02    1.000418683902e+02    1.000314806032e+02    9.999156972621e+01    1.000314178837e+02    1.000314177869e+02    1.000315700393e+02    6.346603086848e-03    1.000320975890e+02    2.118852289305e-02    1.000311854551e+02    1.000315571691e+02    1.000314177869e+02    1.000314177869e+02    1.000321177012e+02    1.000313347800e+02    1.000314762555e+02    6.274338488274e-03    1.000321190486e+02    6.274338488274e-03    9.999156972591e+01    1.000318952571e+02    1.000318952571e+02    8.764357370991e-03    8.764376066600e-03    8.764357370930e-03    8.764357370991e-03    8.764376066600e-03    8.764357370930e-03    8.764357370735e-03    8.764356851617e-03    1.000318952571e+02    8.764356851617e-03    8.764357370937e-03    9.999156972594e+01    1.000318952571e+02    1.000318952571e+02    7.027119407249e-03    1.000317147363e+02    1.282575578816e-02    1.256025697440e-02    1.000321386334e+02    1.677910988028e-02    1.256025697441e-02    1.238828750361e-02    1.236324721252e-02    1.256025704922e-02    1.000315493806e+02    1.000319240995e+02    8.888500238822e-05    1.000320246548e+02    0.000000000000e+00    0.000000000000e+00    0.000000000000e+00    0.000000000000e+00    0.000000000000e+00    0.000000000000e+00    0.000000000000e+00    0.000000000000e+00    0.000000000000e+00    0.000000000000e+00    0.000000000000e+00    0.000000000000e+00
  +3V3:+1V8_AMS1117-1.8_C6185_U8_DCFlowVRM_neg    1.000314653290e+02    1.000314806032e+02    1.000337182565e+02    9.999156585781e+01    1.000314600372e+02    1.000314599403e+02    1.000315665304e+02    6.346603086851e-03    1.000314666252e+02    2.118852289306e-02    1.000312469307e+02    1.000313411714e+02    1.000314599403e+02    1.000314599403e+02    1.000314742538e+02    1.000313301094e+02    1.000315213309e+02    6.274338488278e-03    1.000314682507e+02    6.274338488278e-03    9.999156585751e+01    1.000314653294e+02    1.000314653294e+02    8.764357370996e-03    8.764376066605e-03    8.764357370935e-03    8.764357370996e-03    8.764376066605e-03    8.764357370935e-03    8.764357370740e-03    8.764356851622e-03    1.000314653294e+02    8.764356851622e-03    8.764357370942e-03    9.999156585753e+01    1.000314653294e+02    1.000314653294e+02    7.027119407253e-03    1.000313882489e+02    1.282575578817e-02    1.256025697441e-02    1.000314803026e+02    1.677910988029e-02    1.256025697441e-02    1.238828750361e-02    1.236324721253e-02    1.256025704923e-02    1.000313369840e+02    1.000314964395e+02    8.888500238827e-05    1.000314487770e+02    0.000000000000e+00    0.000000000000e+00    0.000000000000e+00    0.000000000000e+00    0.000000000000e+00    0.000000000000e+00    0.000000000000e+00    0.000000000000e+00    0.000000000000e+00    0.000000000000e+00    0.000000000000e+00    0.000000000000e+00
  +3V3:+2V5_TCC0603X5R226M6R3CT_C68_DCFlowVRM_pos    9.999155902967e+01    9.999156972621e+01    9.999156585781e+01    7.127313170564e+06    9.999188035854e+01    9.999188026173e+01    9.999167935605e+01    6.344078005039e-03    9.999157108290e+01    2.118009275286e-02    9.999138830691e+01    9.999162936742e+01    9.999188026174e+01    9.999188026173e+01    9.999157201583e+01    9.999191889318e+01    9.999176408890e+01    6.271842157913e-03    9.999157090308e+01    6.271842157913e-03    7.127313169369e+06    9.999155903000e+01    9.999155903000e+01    8.760870352966e-03    8.760889041137e-03    8.760870352905e-03    8.760870352966e-03    8.760889041137e-03    8.760870352905e-03    8.760870352710e-03    8.760869833799e-03    9.999155903002e+01    8.760869833799e-03    8.760870352912e-03    7.127313169371e+06    9.999155903003e+01    9.999155903003e+01    7.024323572826e-03    9.999156661838e+01    1.282065288789e-02    1.255525970642e-02    9.999157269101e+01    1.677243408465e-02    1.255525970642e-02    1.238335865600e-02    1.235832832754e-02    1.255525978121e-02    9.999160946487e+01    9.999156349253e+01    8.884963828879e-05    9.999156927081e+01    0.000000000000e+00    0.000000000000e+00    0.000000000000e+00    0.000000000000e+00    0.000000000000e+00    0.000000000000e+00    0.000000000000e+00    0.000000000000e+00    0.000000000000e+00    0.000000000000e+00    0.000000000000e+00    0.000000000000e+00
  +3V3:+2V5_TCC0603X5R226M6R3CT_C68_DCFlowVRM_neg    1.000313974981e+02    1.000314178837e+02    1.000314600372e+02    9.999188035854e+01    1.000412023660e+02    1.000326903285e+02    1.000316780455e+02    6.346603086851e-03    1.000314117040e+02    2.118852289306e-02    1.000312170234e+02    1.000313693676e+02    1.000326903285e+02    1.000326903285e+02    1.000314172011e+02    1.000315537855e+02    1.000318683378e+02    6.274338488278e-03    1.000314124462e+02    6.274338488278e-03    9.999188035825e+01    1.000313974985e+02    1.000313974985e+02    8.764357370996e-03    8.764376066605e-03    8.764357370935e-03    8.764357370996e-03    8.764376066605e-03    8.764357370935e-03    8.764357370740e-03    8.764356851622e-03    1.000313974985e+02    8.764356851622e-03    8.764357370942e-03    9.999188035827e+01    1.000313974985e+02    1.000313974985e+02    7.027119407254e-03    1.000313625378e+02    1.282575578817e-02    1.256025697441e-02    1.000314214591e+02    1.677910988029e-02    1.256025697441e-02    1.238828750361e-02    1.236324721253e-02    1.256025704923e-02    1.000313582437e+02    1.000314176250e+02    8.888500238827e-05    1.000313993149e+02    0.000000000000e+00    0.000000000000e+00    0.000000000000e+00    0.000000000000e+00    0.000000000000e+00    0.000000000000e+00    0.000000000000e+00    0.000000000000e+00    0.000000000000e+00    0.000000000000e+00    0.000000000000e+00    0.000000000000e+00
  +3V3:+2V8_TCC0603X5R226M6R3CT_C73_DCFlowVRM_pos    1.000313974013e+02    1.000314177869e+02    1.000314599403e+02    9.999188026173e+01    1.000326903285e+02    2.000675653842e+02    1.000316779486e+02    6.346603080707e-03    1.000314116072e+02    2.118852287254e-02    1.000312169266e+02    1.000313692708e+02    2.000649673622e+02    2.000649673621e+02    1.000314171043e+02    1.000315536887e+02    1.000318682410e+02    6.274338482203e-03    1.000314123493e+02    6.274338482203e-03    9.999188026144e+01    1.000313974016e+02    1.000313974016e+02    8.764357362510e-03    8.764376058120e-03    8.764357362449e-03    8.764357362510e-03    8.764376058120e-03    8.764357362449e-03    8.764357362254e-03    8.764356843137e-03    1.000313974017e+02    8.764356843137e-03    8.764357362457e-03    9.999188026146e+01    1.000313974017e+02    1.000313974017e+02    7.027119400450e-03    1.000313624409e+02    1.282575577575e-02    1.256025696225e-02    1.000314213622e+02    1.677910986404e-02    1.256025696225e-02    1.238828749162e-02    1.236324720056e-02    1.256025703707e-02    1.000313581469e+02    1.000314175282e+02    8.888500230221e-05    1.000313992181e+02    0.000000000000e+00    0.000000000000e+00    0.000000000000e+00    0.000000000000e+00    0.000000000000e+00    0.000000000000e+00    0.000000000000e+00    0.000000000000e+00    0.000000000000e+00    0.000000000000e+00    0.000000000000e+00    0.000000000000e+00
  +3V3:+2V8_TCC0603X5R226M6R3CT_C73_DCFlowVRM_neg    1.000315244670e+02    1.000315700393e+02    1.000315665304e+02    9.999167935605e+01    1.000316780455e+02    1.000316779486e+02    1.000373965666e+02    6.346603086851e-03    1.000315547016e+02    2.118852289306e-02    1.000312237495e+02    1.000313897642e+02    1.000316779486e+02    1.000316779486e+02    1.000315679654e+02    1.000314155488e+02    1.000318875793e+02    6.274338488277e-03    1.000315566099e+02    6.274338488277e-03    9.999167935575e+01    1.000315244673e+02    1.000315244673e+02    8.764357370995e-03    8.764376066604e-03    8.764357370934e-03    8.764357370995e-03    8.764376066604e-03    8.764357370934e-03    8.764357370739e-03    8.764356851621e-03    1.000315244673e+02    8.764356851621e-03    8.764357370941e-03    9.999167935578e+01    1.000315244673e+02    1.000315244673e+02    7.027119407253e-03    1.000314360337e+02    1.282575578817e-02    1.256025697441e-02    1.000315782215e+02    1.677910988029e-02    1.256025697441e-02    1.238828750361e-02    1.236324721253e-02    1.256025704923e-02    1.000313825880e+02    1.000315693005e+02    8.888500238826e-05    1.000315247595e+02    0.000000000000e+00    0.000000000000e+00    0.000000000000e+00    0.000000000000e+00    0.000000000000e+00    0.000000000000e+00    0.000000000000e+00    0.000000000000e+00    0.000000000000e+00    0.000000000000e+00    0.000000000000e+00    0.000000000000e+00
  +3V3:+3V3_DS1139-06-08SS4BSR_CARD1_DCFlowSink_pos    6.346603173805e-03    6.346603086848e-03    6.346603086851e-03    6.344078005039e-03    6.346603086851e-03    6.346603080707e-03    6.346603086851e-03    1.045952998015e-02    6.346603086845e-03    6.346589505151e-03    6.346603086853e-03    6.346603086847e-03    6.346603080707e-03    6.346603080706e-03    6.346603086845e-03    6.346603086851e-03    6.346603086851e-03    6.833974791625e-03    6.346603086845e-03    6.833974791625e-03    6.344078005021e-03    6.346603173826e-03    6.346603173826e-03    6.127012397996e-03    6.127013086698e-03    6.127012397994e-03    6.127012397996e-03    6.127013086698e-03    6.127012397994e-03    6.127012397985e-03    6.127012378858e-03    6.346603173827e-03    6.127012378859e-03    6.127012397996e-03    6.344078005022e-03    6.346603173827e-03    6.346603173827e-03    6.064682627135e-03    6.346603086849e-03    6.557918737765e-03    6.264503444908e-03    6.346603086846e-03    6.354300134013e-03    6.264503444909e-03    6.606540527873e-03    6.609323595401e-03    6.264503445889e-03    6.346603086848e-03    6.346603086849e-03    8.888501239275e-05    6.346603086847e-03    0.000000000000e+00    0.000000000000e+00    0.000000000000e+00    0.000000000000e+00    0.000000000000e+00    0.000000000000e+00    0.000000000000e+00    0.000000000000e+00    0.000000000000e+00    0.000000000000e+00    0.000000000000e+00    0.000000000000e+00
  +3V3:+3V3_DS1139-06-08SS4BSR_CARD1_DCFlowSink_neg    1.000318520089e+02    1.000320975890e+02    1.000314666252e+02    9.999157108290e+01    1.000314117040e+02    1.000314116072e+02    1.000315547016e+02    6.346603086845e-03    1.000336301672e+02    2.118852289304e-02    1.000311814291e+02    1.000315897861e+02    1.000314116072e+02    1.000314116071e+02    1.000326828149e+02    1.000313365712e+02    1.000314659018e+02    6.274338488271e-03    1.000324896913e+02    6.274338488271e-03    9.999157108261e+01    1.000318520093e+02    1.000318520093e+02    8.764357370987e-03    8.764376066596e-03    8.764357370926e-03    8.764357370987e-03    8.764376066596e-03    8.764357370926e-03    8.764357370731e-03    8.764356851613e-03    1.000318520093e+02    8.764356851613e-03    8.764357370933e-03    9.999157108263e+01    1.000318520093e+02    1.000318520093e+02    7.027119407246e-03    1.000317621045e+02    1.282575578815e-02    1.256025697440e-02    1.000323907933e+02    1.677910988027e-02    1.256025697440e-02    1.238828750360e-02    1.236324721252e-02    1.256025704922e-02    1.000315797862e+02    1.000318527336e+02    8.888500238818e-05    1.000323034457e+02    0.000000000000e+00    0.000000000000e+00    0.000000000000e+00    0.000000000000e+00    0.000000000000e+00    0.000000000000e+00    0.000000000000e+00    0.000000000000e+00    0.000000000000e+00    0.000000000000e+00    0.000000000000e+00    0.000000000000e+00
  +3V3:+3V3_TCC0603X5R226M6R3CT_C23_DCFlowVRM_pos    2.118852318336e-02    2.118852289305e-02    2.118852289306e-02    2.118009275286e-02    2.118852289306e-02    2.118852287254e-02    2.118852289306e-02    6.346589505151e-03    2.118852289304e-02    2.211264662761e-02    2.118852289306e-02    2.118852289304e-02    2.118852287255e-02    2.118852287254e-02    2.118852289304e-02    2.118852289306e-02    2.118852289306e-02    6.274328345633e-03    2.118852289304e-02    6.274328345633e-03    2.118009275280e-02    2.118852318343e-02    2.118852318343e-02    8.764398846177e-03    8.764417542065e-03    8.764398846116e-03    8.764398846177e-03    8.764417542065e-03    8.764398846116e-03    8.764398845921e-03    8.764398326796e-03    2.118852318343e-02    8.764398326796e-03    8.764398846123e-03    2.118009275281e-02    2.118852318343e-02    2.118852318343e-02    7.027134988365e-03    2.118852289305e-02    1.282545385735e-02    1.256041126026e-02    2.118852289304e-02    1.677743778165e-02    1.256041126026e-02    1.238800503913e-02    1.236296586229e-02    1.256041133513e-02    2.118852289305e-02    2.118852289305e-02    8.888501239162e-05    2.118852289304e-02    0.000000000000e+00    0.000000000000e+00    0.000000000000e+00    0.000000000000e+00    0.000000000000e+00    0.000000000000e+00    0.000000000000e+00    0.000000000000e+00    0.000000000000e+00    0.000000000000e+00    0.000000000000e+00    0.000000000000e+00
  +3V3:+3V3_TCC0603X5R226M6R3CT_C23_DCFlowVRM_neg    1.000311823502e+02    1.000311854551e+02    1.000312469307e+02    9.999138830691e+01    1.000312170234e+02    1.000312169266e+02    1.000312237495e+02    6.346603086853e-03    1.000311814291e+02    2.118852289306e-02    1.000324667533e+02    1.000311473047e+02    1.000312169266e+02    1.000312169266e+02    1.000311836384e+02    1.000311795428e+02    1.000312247744e+02    6.274338488279e-03    1.000311818995e+02    6.274338488279e-03    9.999138830661e+01    1.000311823505e+02    1.000311823505e+02    8.764357370998e-03    8.764376066607e-03    8.764357370937e-03    8.764357370998e-03    8.764376066607e-03    8.764357370937e-03    8.764357370742e-03    8.764356851624e-03    1.000311823506e+02    8.764356851624e-03    8.764357370944e-03    9.999138830663e+01    1.000311823506e+02    1.000311823506e+02    7.027119407255e-03    1.000311584843e+02    1.282575578817e-02    1.256025697441e-02    1.000311853876e+02    1.677910988029e-02    1.256025697442e-02    1.238828750362e-02    1.236324721253e-02    1.256025704923e-02    1.000311446242e+02    1.000311900117e+02    8.888500238829e-05    1.000311762626e+02    0.000000000000e+00    0.000000000000e+00    0.000000000000e+00    0.000000000000e+00    0.000000000000e+00    0.000000000000e+00    0.000000000000e+00    0.000000000000e+00    0.000000000000e+00    0.000000000000e+00    0.000000000000e+00    0.000000000000e+00
  +3V3:+5V_TYPE-C16PIN_USB1_DCFlowVRM_neg    1.000315544541e+02    1.000315571691e+02    1.000313411714e+02    9.999162936742e+01    1.000313693676e+02    1.000313692708e+02    1.000313897642e+02    6.346603086847e-03    1.000315897861e+02    2.118852289304e-02    1.000311473047e+02    1.000324560780e+02    1.000313692708e+02    1.000313692708e+02    1.000315758899e+02    1.000313923452e+02    1.000313703513e+02    6.274338488273e-03    1.000315857024e+02    6.274338488273e-03    9.999162936713e+01    1.000315544544e+02    1.000315544544e+02    8.764357370990e-03    8.764376066599e-03    8.764357370929e-03    8.764357370990e-03    8.764376066599e-03    8.764357370929e-03    8.764357370734e-03    8.764356851616e-03    1.000315544545e+02    8.764356851616e-03    8.764357370936e-03    9.999162936715e+01    1.000315544545e+02    1.000315544545e+02    7.027119407249e-03    1.000317321250e+02    1.282575578816e-02    1.256025697440e-02    1.000315647988e+02    1.677910988028e-02    1.256025697440e-02    1.238828750360e-02    1.236324721252e-02    1.256025704922e-02    1.000319756648e+02    1.000315154556e+02    8.888500238821e-05    1.000316231396e+02    0.000000000000e+00    0.000000000000e+00    0.000000000000e+00    0.000000000000e+00    0.000000000000e+00    0.000000000000e+00    0.000000000000e+00    0.000000000000e+00    0.000000000000e+00    0.000000000000e+00    0.000000000000e+00    0.000000000000e+00
  +3V3:P1_24_+2V8_pos    1.000313974013e+02    1.000314177869e+02    1.000314599403e+02    9.999188026174e+01    1.000326903285e+02    2.000649673622e+02    1.000316779486e+02    6.346603080707e-03    1.000314116072e+02    2.118852287255e-02    1.000312169266e+02    1.000313692708e+02    2.001561927509e+02    2.001441069589e+02    1.000314171043e+02    1.000315536887e+02    1.000318682410e+02    6.274338482203e-03    1.000314123493e+02    6.274338482203e-03    9.999188026144e+01    1.000313974016e+02    1.000313974016e+02    8.764357362511e-03    8.764376058120e-03    8.764357362450e-03    8.764357362511e-03    8.764376058120e-03    8.764357362450e-03    8.764357362255e-03    8.764356843137e-03    1.000313974017e+02    8.764356843137e-03    8.764357362457e-03    9.999188026147e+01    1.000313974017e+02    1.000313974017e+02    7.027119400450e-03    1.000313624409e+02    1.282575577575e-02    1.256025696225e-02    1.000314213622e+02    1.677910986404e-02    1.256025696225e-02    1.238828749162e-02    1.236324720056e-02    1.256025703707e-02    1.000313581469e+02    1.000314175282e+02    8.888500230222e-05    1.000313992181e+02    0.000000000000e+00    0.000000000000e+00    0.000000000000e+00    0.000000000000e+00    0.000000000000e+00    0.000000000000e+00    0.000000000000e+00    0.000000000000e+00    0.000000000000e+00    0.000000000000e+00    0.000000000000e+00    0.000000000000e+00
  +3V3:P1_4_+2V8_pos    1.000313974013e+02    1.000314177869e+02    1.000314599403e+02    9.999188026173e+01    1.000326903285e+02    2.000649673621e+02    1.000316779486e+02    6.346603080706e-03    1.000314116071e+02    2.118852287254e-02    1.000312169266e+02    1.000313692708e+02    2.001441069589e+02    2.001562053387e+02    1.000314171043e+02    1.000315536887e+02    1.000318682410e+02    6.274338482203e-03    1.000314123493e+02    6.274338482203e-03    9.999188026144e+01    1.000313974016e+02    1.000313974016e+02    8.764357362510e-03    8.764376058119e-03    8.764357362449e-03    8.764357362510e-03    8.764376058119e-03    8.764357362449e-03    8.764357362254e-03    8.764356843136e-03    1.000313974016e+02    8.764356843136e-03    8.764357362456e-03    9.999188026146e+01    1.000313974016e+02    1.000313974016e+02    7.027119400450e-03    1.000313624409e+02    1.282575577575e-02    1.256025696225e-02    1.000314213622e+02    1.677910986404e-02    1.256025696225e-02    1.238828749162e-02    1.236324720056e-02    1.256025703707e-02    1.000313581469e+02    1.000314175282e+02    8.888500230221e-05    1.000313992181e+02    0.000000000000e+00    0.000000000000e+00    0.000000000000e+00    0.000000000000e+00    0.000000000000e+00    0.000000000000e+00    0.000000000000e+00    0.000000000000e+00    0.000000000000e+00    0.000000000000e+00    0.000000000000e+00    0.000000000000e+00
  +3V3:P1_4_+2V8_neg    1.000318520187e+02    1.000321177012e+02    1.000314742538e+02    9.999157201583e+01    1.000314172011e+02    1.000314171043e+02    1.000315679654e+02    6.346603086845e-03    1.000326828149e+02    2.118852289304e-02    1.000311836384e+02    1.000315758899e+02    1.000314171043e+02    1.000314171043e+02    1.000337675845e+02    1.000313370061e+02    1.000314744249e+02    6.274338488271e-03    1.000324540762e+02    6.274338488271e-03    9.999157201554e+01    1.000318520190e+02    1.000318520190e+02    8.764357370987e-03    8.764376066596e-03    8.764357370926e-03    8.764357370987e-03    8.764376066596e-03    8.764357370926e-03    8.764357370731e-03    8.764356851613e-03    1.000318520191e+02    8.764356851613e-03    8.764357370933e-03    9.999157201556e+01    1.000318520191e+02    1.000318520191e+02    7.027119407246e-03    1.000317412607e+02    1.282575578815e-02    1.256025697440e-02    1.000325054541e+02    1.677910988027e-02    1.256025697440e-02    1.238828750360e-02    1.236324721252e-02    1.256025704922e-02    1.000315665727e+02    1.000318646359e+02    8.888500238818e-05    1.000322160480e+02    0.000000000000e+00    0.000000000000e+00    0.000000000000e+00    0.000000000000e+00    0.000000000000e+00    0.000000000000e+00    0.000000000000e+00    0.000000000000e+00    0.000000000000e+00    0.000000000000e+00    0.000000000000e+00    0.000000000000e+00
  +3V3:U11_2_+5V_neg    1.000313264521e+02    1.000313347800e+02    1.000313301094e+02    9.999191889318e+01    1.000315537855e+02    1.000315536887e+02    1.000314155488e+02    6.346603086851e-03    1.000313365712e+02    2.118852289306e-02    1.000311795428e+02    1.000313923452e+02    1.000315536887e+02    1.000315536887e+02    1.000313370061e+02    1.000355708244e+02    1.000314762426e+02    6.274338488278e-03    1.000313363403e+02    6.274338488278e-03    9.999191889288e+01    1.000313264524e+02    1.000313264524e+02    8.764357370996e-03    8.764376066605e-03    8.764357370935e-03    8.764357370996e-03    8.764376066605e-03    8.764357370935e-03    8.764357370740e-03    8.764356851622e-03    1.000313264524e+02    8.764356851622e-03    8.764357370942e-03    9.999191889291e+01    1.000313264524e+02    1.000313264524e+02    7.027119407254e-03    1.000313365053e+02    1.282575578817e-02    1.256025697441e-02    1.000313372982e+02    1.677910988029e-02    1.256025697441e-02    1.238828750361e-02    1.236324721253e-02    1.256025704923e-02    1.000313775683e+02    1.000313288797e+02    8.888500238827e-05    1.000313358666e+02    0.000000000000e+00    0.000000000000e+00    0.000000000000e+00    0.000000000000e+00    0.000000000000e+00    0.000000000000e+00    0.000000000000e+00    0.000000000000e+00    0.000000000000e+00    0.000000000000e+00    0.000000000000e+00    0.000000000000e+00
  +3V3:U12_2_+5V_neg    1.000314472425e+02    1.000314762555e+02    1.000315213309e+02    9.999176408890e+01    1.000318683378e+02    1.000318682410e+02    1.000318875793e+02    6.346603086851e-03    1.000314659018e+02    2.118852289306e-02    1.000312247744e+02    1.000313703513e+02    1.000318682410e+02    1.000318682410e+02    1.000314744249e+02    1.000314762426e+02    1.000350578935e+02    6.274338488277e-03    1.000314671616e+02    6.274338488277e-03    9.999176408860e+01    1.000314472428e+02    1.000314472428e+02    8.764357370995e-03    8.764376066604e-03    8.764357370934e-03    8.764357370995e-03    8.764376066604e-03    8.764357370934e-03    8.764357370739e-03    8.764356851621e-03    1.000314472428e+02    8.764356851621e-03    8.764357370941e-03    9.999176408863e+01    1.000314472428e+02    1.000314472428e+02    7.027119407253e-03    1.000313885570e+02    1.282575578817e-02    1.256025697441e-02    1.000314810378e+02    1.677910988029e-02    1.256025697441e-02    1.238828750361e-02    1.236324721253e-02    1.256025704923e-02    1.000313615128e+02    1.000314775938e+02    8.888500238826e-05    1.000314466000e+02    0.000000000000e+00    0.000000000000e+00    0.000000000000e+00    0.000000000000e+00    0.000000000000e+00    0.000000000000e+00    0.000000000000e+00    0.000000000000e+00    0.000000000000e+00    0.000000000000e+00    0.000000000000e+00    0.000000000000e+00
  +3V3:U1_F6_+3V3_pos    6.274338574241e-03    6.274338488274e-03    6.274338488278e-03    6.271842157913e-03    6.274338488278e-03    6.274338482203e-03    6.274338488277e-03    6.833974791625e-03    6.274338488271e-03    6.274328345633e-03    6.274338488279e-03    6.274338488273e-03    6.274338482203e-03    6.274338482203e-03    6.274338488271e-03    6.274338488278e-03    6.274338488277e-03    1.252241791440e-02    6.274338488272e-03    1.180626919425e-02    6.271842157895e-03    6.274338574262e-03    6.274338574262e-03    6.107701733220e-03    6.107702255591e-03    6.107701733218e-03    6.107701733220e-03    6.107702255591e-03    6.107701733218e-03    6.107701733211e-03    6.107701718703e-03    6.274338574263e-03    6.107701718703e-03    6.107701733221e-03    6.271842157896e-03    6.274338574263e-03    6.274338574263e-03    6.058590333688e-03    6.274338488276e-03    6.434699727189e-03    6.212035710006e-03    6.274338488272e-03    6.280179709352e-03    6.212035710006e-03    6.471597337408e-03    6.473709323426e-03    6.212035710750e-03    6.274338488275e-03    6.274338488276e-03    8.888501239276e-05    6.274338488273e-03    0.000000000000e+00    0.000000000000e+00    0.000000000000e+00    0.000000000000e+00    0.000000000000e+00    0.000000000000e+00    0.000000000000e+00    0.000000000000e+00    0.000000000000e+00    0.000000000000e+00    0.000000000000e+00    0.000000000000e+00
  +3V3:U1_F6_+3V3_neg    1.000318575341e+02    1.000321190486e+02    1.000314682507e+02    9.999157090308e+01    1.000314124462e+02    1.000314123493e+02    1.000315566099e+02    6.346603086845e-03    1.000324896913e+02    2.118852289304e-02    1.000311818995e+02    1.000315857024e+02    1.000314123493e+02    1.000314123493e+02    1.000324540762e+02    1.000313363403e+02    1.000314671616e+02    6.274338488272e-03    1.000327149675e+02    6.274338488272e-03    9.999157090278e+01    1.000318575344e+02    1.000318575344e+02    8.764357370987e-03    8.764376066596e-03    8.764357370926e-03    8.764357370987e-03    8.764376066596e-03    8.764357370926e-03    8.764357370731e-03    8.764356851613e-03    1.000318575344e+02    8.764356851613e-03    8.764357370933e-03    9.999157090281e+01    1.000318575344e+02    1.000318575344e+02    7.027119407247e-03    1.000317564367e+02    1.282575578815e-02    1.256025697440e-02    1.000323769228e+02    1.677910988027e-02    1.256025697440e-02    1.238828750360e-02    1.236324721252e-02    1.256025704922e-02    1.000315760247e+02    1.000318597171e+02    8.888500238818e-05    1.000322668718e+02    0.000000000000e+00    0.000000000000e+00    0.000000000000e+00    0.000000000000e+00    0.000000000000e+00    0.000000000000e+00    0.000000000000e+00    0.000000000000e+00    0.000000000000e+00    0.000000000000e+00    0.000000000000e+00    0.000000000000e+00
  +3V3:U1_F7_+3V3_pos    6.274338574241e-03    6.274338488274e-03    6.274338488278e-03    6.271842157913e-03    6.274338488278e-03    6.274338482203e-03    6.274338488277e-03    6.833974791625e-03    6.274338488271e-03    6.274328345633e-03    6.274338488279e-03    6.274338488273e-03    6.274338482203e-03    6.274338482203e-03    6.274338488271e-03    6.274338488278e-03    6.274338488277e-03    1.180626919425e-02    6.274338488272e-03    1.364864504459e-02    6.271842157895e-03    6.274338574262e-03    6.274338574262e-03    6.107701733220e-03    6.107702255591e-03    6.107701733218e-03    6.107701733220e-03    6.107702255591e-03    6.107701733218e-03    6.107701733211e-03    6.107701718703e-03    6.274338574263e-03    6.107701718703e-03    6.107701733221e-03    6.271842157896e-03    6.274338574263e-03    6.274338574263e-03    6.058590333688e-03    6.274338488276e-03    6.434699727189e-03    6.212035710006e-03    6.274338488272e-03    6.280179709352e-03    6.212035710006e-03    6.471597337408e-03    6.473709323426e-03    6.212035710750e-03    6.274338488275e-03    6.274338488276e-03    8.888501239276e-05    6.274338488274e-03    0.000000000000e+00    0.000000000000e+00    0.000000000000e+00    0.000000000000e+00    0.000000000000e+00    0.000000000000e+00    0.000000000000e+00    0.000000000000e+00    0.000000000000e+00    0.000000000000e+00    0.000000000000e+00    0.000000000000e+00
  +3V3:U1_G11_+2V5_pos    9.999155902938e+01    9.999156972591e+01    9.999156585751e+01    7.127313169369e+06    9.999188035825e+01    9.999188026144e+01    9.999167935575e+01    6.344078005021e-03    9.999157108261e+01    2.118009275280e-02    9.999138830661e+01    9.999162936713e+01    9.999188026144e+01    9.999188026144e+01    9.999157201554e+01    9.999191889288e+01    9.999176408860e+01    6.271842157895e-03    9.999157090278e+01    6.271842157895e-03    7.127313231746e+06    9.999155902971e+01    9.999155902971e+01    8.760870352940e-03    8.760889041111e-03    8.760870352879e-03    8.760870352940e-03    8.760889041111e-03    8.760870352879e-03    8.760870352684e-03    8.760869833773e-03    9.999155902973e+01    8.760869833773e-03    8.760870352886e-03    7.127313228267e+06    9.999155902973e+01    9.999155902973e+01    7.024323572806e-03    9.999156661809e+01    1.282065288785e-02    1.255525970639e-02    9.999157269072e+01    1.677243408461e-02    1.255525970639e-02    1.238335865597e-02    1.235832832750e-02    1.255525978118e-02    9.999160946458e+01    9.999156349224e+01    8.884963828853e-05    9.999156927052e+01    0.000000000000e+00    0.000000000000e+00    0.000000000000e+00    0.000000000000e+00    0.000000000000e+00    0.000000000000e+00    0.000000000000e+00    0.000000000000e+00    0.000000000000e+00    0.000000000000e+00    0.000000000000e+00    0.000000000000e+00
  +3V3:U1_G6_+1V1_pos    2.000392542661e+02    1.000318952571e+02    1.000314653294e+02    9.999155903000e+01    1.000313974985e+02    1.000313974016e+02    1.000315244673e+02    6.346603173826e-03    1.000318520093e+02    2.118852318343e-02    1.000311823505e+02    1.000315544544e+02    1.000313974016e+02    1.000313974016e+02    1.000318520190e+02    1.000313264524e+02    1.000314472428e+02    6.274338574262e-03    1.000318575344e+02    6.274338574262e-03    9.999155902971e+01    2.000682542985e+02    2.000682518771e+02    8.764357491103e-03    8.764376186713e-03    8.764357491042e-03    8.764357491103e-03    8.764376186713e-03    8.764357491042e-03    8.764357490847e-03    8.764356971729e-03    2.000600047630e+02    8.764356971730e-03    8.764357491049e-03    9.999155902973e+01    2.000600047630e+02    2.000600047630e+02    7.027119503554e-03    1.000317142230e+02    1.282575596393e-02    1.256025714654e-02    1.000318526131e+02    1.677911011023e-02    1.256025714654e-02    1.238828767338e-02    1.236324738196e-02    1.256025722136e-02    1.000315494077e+02    1.000319368059e+02    8.888500360636e-05    1.000318463305e+02    0.000000000000e+00    0.000000000000e+00    0.000000000000e+00    0.000000000000e+00    0.000000000000e+00    0.000000000000e+00    0.000000000000e+00    0.000000000000e+00    0.000000000000e+00    0.000000000000e+00    0.000000000000e+00    0.000000000000e+00
  +3V3:U1_G7_+1V1_pos    2.000392542661e+02    1.000318952571e+02    1.000314653294e+02    9.999155903000e+01    1.000313974985e+02    1.000313974016e+02    1.000315244673e+02    6.346603173826e-03    1.000318520093e+02    2.118852318343e-02    1.000311823505e+02    1.000315544544e+02    1.000313974016e+02    1.000313974016e+02    1.000318520190e+02    1.000313264524e+02    1.000314472428e+02    6.274338574262e-03    1.000318575344e+02    6.274338574262e-03    9.999155902971e+01    2.000682518771e+02    2.000710154055e+02    8.764357491103e-03    8.764376186713e-03    8.764357491042e-03    8.764357491103e-03    8.764376186713e-03    8.764357491042e-03    8.764357490847e-03    8.764356971729e-03    2.000600047630e+02    8.764356971730e-03    8.764357491049e-03    9.999155902973e+01    2.000600047630e+02    2.000600047630e+02    7.027119503554e-03    1.000317142230e+02    1.282575596393e-02    1.256025714654e-02    1.000318526131e+02    1.677911011023e-02    1.256025714654e-02    1.238828767338e-02    1.236324738196e-02    1.256025722136e-02    1.000315494077e+02    1.000319368059e+02    8.888500360636e-05    1.000318463305e+02    0.000000000000e+00    0.000000000000e+00    0.000000000000e+00    0.000000000000e+00    0.000000000000e+00    0.000000000000e+00    0.000000000000e+00    0.000000000000e+00    0.000000000000e+00    0.000000000000e+00    0.000000000000e+00    0.000000000000e+00
  +3V3:U1_G9_+3V3_pos    8.764357491074e-03    8.764357370991e-03    8.764357370996e-03    8.760870352966e-03    8.764357370996e-03    8.764357362510e-03    8.764357370995e-03    6.127012397996e-03    8.764357370987e-03    8.764398846177e-03    8.764357370998e-03    8.764357370990e-03    8.764357362511e-03    8.764357362510e-03    8.764357370987e-03    8.764357370996e-03    8.764357370995e-03    6.107701733220e-03    8.764357370987e-03    6.107701733220e-03    8.760870352940e-03    8.764357491103e-03    8.764357491103e-03    2.877379072982e-02    1.419811869552e-02    2.082855844422e-02    2.337194158824e-02    1.419811869552e-02    2.082855844422e-02    1.837731059945e-02    1.440867339347e-02    8.764357491105e-03    1.440867339347e-02    2.088104593236e-02    8.760870352942e-03    8.764357491105e-03    8.764357491105e-03    7.253536103804e-03    8.764357370993e-03    8.165875270693e-03    8.996881791027e-03    8.764357370988e-03    8.742560915499e-03    8.996881791028e-03    8.028169344687e-03    8.020287181354e-03    8.996881788249e-03    8.764357370992e-03    8.764357370993e-03    8.888501239279e-05    8.764357370990e-03    0.000000000000e+00    0.000000000000e+00    0.000000000000e+00    0.000000000000e+00    0.000000000000e+00    0.000000000000e+00    0.000000000000e+00    0.000000000000e+00    0.000000000000e+00    0.000000000000e+00    0.000000000000e+00    0.000000000000e+00
  +3V3:U1_H11_+3V3_pos    8.764376186684e-03    8.764376066600e-03    8.764376066605e-03    8.760889041137e-03    8.764376066605e-03    8.764376058120e-03    8.764376066604e-03    6.127013086698e-03    8.764376066596e-03    8.764417542065e-03    8.764376066607e-03    8.764376066599e-03    8.764376058120e-03    8.764376058119e-03    8.764376066596e-03    8.764376066605e-03    8.764376066604e-03    6.107702255591e-03    8.764376066596e-03    6.107702255591e-03    8.760889041111e-03    8.764376186713e-03    8.764376186713e-03    1.419811869552e-02    1.880558567243e-02    1.419811635884e-02    1.419811869552e-02    1.729796826915e-02    1.419811635884e-02    1.419810901829e-02    1.411355292024e-02    8.764376186715e-03    1.411355292024e-02    1.419811650817e-02    8.760889041113e-03    8.764376186715e-03    8.764376186715e-03    7.253535443926e-03    8.764376066602e-03    8.165889881499e-03    8.996902073673e-03    8.764376066598e-03    8.742579462337e-03    8.996902073673e-03    8.028183015613e-03    8.020300798482e-03    8.996902070895e-03    8.764376066601e-03    8.764376066602e-03    8.888501239273e-05    8.764376066599e-03    0.000000000000e+00    0.000000000000e+00    0.000000000000e+00    0.000000000000e+00    0.000000000000e+00    0.000000000000e+00    0.000000000000e+00    0.000000000000e+00    0.000000000000e+00    0.000000000000e+00    0.000000000000e+00    0.000000000000e+00
  +3V3:U1_H6_+3V3_pos    8.764357491013e-03    8.764357370930e-03    8.764357370935e-03    8.760870352905e-03    8.764357370935e-03    8.764357362449e-03    8.764357370934e-03    6.127012397994e-03    8.764357370926e-03    8.764398846116e-03    8.764357370937e-03    8.764357370929e-03    8.764357362450e-03    8.764357362449e-03    8.764357370926e-03    8.764357370935e-03    8.764357370934e-03    6.107701733218e-03    8.764357370926e-03    6.107701733218e-03    8.760870352879e-03    8.764357491042e-03    8.764357491042e-03    2.082855844422e-02    1.419811635884e-02    2.446710793171e-02    2.082855844422e-02    1.419811635884e-02    2.325876226528e-02    1.838580762443e-02    1.440867243786e-02    8.764357491044e-03    1.440867243786e-02    2.149060435137e-02    8.760870352881e-03    8.764357491044e-03    8.764357491044e-03    7.253536103806e-03    8.764357370932e-03    8.165875270646e-03    8.996881790961e-03    8.764357370927e-03    8.742560915438e-03    8.996881790961e-03    8.028169344642e-03    8.020287181310e-03    8.996881788183e-03    8.764357370931e-03    8.764357370932e-03    8.888501239279e-05    8.764357370929e-03    0.000000000000e+00    0.000000000000e+00    0.000000000000e+00    0.000000000000e+00    0.000000000000e+00    0.000000000000e+00    0.000000000000e+00    0.000000000000e+00    0.000000000000e+00    0.000000000000e+00    0.000000000000e+00    0.000000000000e+00
  +3V3:U1_H7_+3V3_pos    8.764357491074e-03    8.764357370991e-03    8.764357370996e-03    8.760870352966e-03    8.764357370996e-03    8.764357362510e-03    8.764357370995e-03    6.127012397996e-03    8.764357370987e-03    8.764398846177e-03    8.764357370998e-03    8.764357370990e-03    8.764357362511e-03    8.764357362510e-03    8.764357370987e-03    8.764357370996e-03    8.764357370995e-03    6.107701733220e-03    8.764357370987e-03    6.107701733220e-03    8.760870352940e-03    8.764357491103e-03    8.764357491103e-03    2.337194158824e-02    1.419811869552e-02    2.082855844422e-02    2.482514295704e-02    1.419811869552e-02    2.082855844422e-02    1.837731059945e-02    1.440867339347e-02    8.764357491105e-03    1.440867339347e-02    2.088104593236e-02    8.760870352942e-03    8.764357491105e-03    8.764357491105e-03    7.253536103804e-03    8.764357370993e-03    8.165875270693e-03    8.996881791027e-03    8.764357370988e-03    8.742560915499e-03    8.996881791027e-03    8.028169344687e-03    8.020287181354e-03    8.996881788249e-03    8.764357370992e-03    8.764357370993e-03    8.888501239279e-05    8.764357370990e-03    0.000000000000e+00    0.000000000000e+00    0.000000000000e+00    0.000000000000e+00    0.000000000000e+00    0.000000000000e+00    0.000000000000e+00    0.000000000000e+00    0.000000000000e+00    0.000000000000e+00    0.000000000000e+00    0.000000000000e+00
  +3V3:U1_J11_+3V3_pos    8.764376186684e-03    8.764376066600e-03    8.764376066605e-03    8.760889041137e-03    8.764376066605e-03    8.764376058120e-03    8.764376066604e-03    6.127013086698e-03    8.764376066596e-03    8.764417542065e-03    8.764376066607e-03    8.764376066599e-03    8.764376058120e-03    8.764376058119e-03    8.764376066596e-03    8.764376066605e-03    8.764376066604e-03    6.107702255591e-03    8.764376066596e-03    6.107702255591e-03    8.760889041111e-03    8.764376186713e-03    8.764376186713e-03    1.419811869552e-02    1.729796826915e-02    1.419811635884e-02    1.419811869552e-02    1.879527506815e-02    1.419811635884e-02    1.419810901828e-02    1.411355292023e-02    8.764376186715e-03    1.411355292024e-02    1.419811650817e-02    8.760889041113e-03    8.764376186715e-03    8.764376186715e-03    7.253535443926e-03    8.764376066602e-03    8.165889881499e-03    8.996902073673e-03    8.764376066597e-03    8.742579462337e-03    8.996902073673e-03    8.028183015613e-03    8.020300798482e-03    8.996902070895e-03    8.764376066601e-03    8.764376066602e-03    8.888501239272e-05    8.764376066599e-03    0.000000000000e+00    0.000000000000e+00    0.000000000000e+00    0.000000000000e+00    0.000000000000e+00    0.000000000000e+00    0.000000000000e+00    0.000000000000e+00    0.000000000000e+00    0.000000000000e+00    0.000000000000e+00    0.000000000000e+00
